934203
94413
613671
737877
556659
553029
785727
900975
608481
267357
673719
63261
353673
344739
880863
809817
231501
543489
371385
838035
253317
118401
79569
502755
488643
877947
94911
575385
493029
830595
674583
275085
323061
217131
709161
573129
260691
803607
152427
883797
85725
87453
511101
449877
194661
813531
340155
398535
918771
480855
572379
237195
175299
76089
932607
344643
215811
706299
352599
241809
504603
300195
224415
891165
609081
93699
599001
509241
314625
714969
393267
268749
694233
120861
41163
870003
392613
910305
169443
885699
391653
33429
96537
172131
261675
403335
491781
845385
291123
887085
250317
24417
453159
197403
683883
951345
608343
393903
103917
56913
401145
115245
588855
106707
259791
582957
745641
214827
144297
13245
280221
299205
462837
485199
354351
350583
709827
255273
918705
625053
801921
861729
449031
468387
81705
384915
145665
348633
71373
738675
912681
751959
320379
40731
764091
407919
11835
736431
41769
858195
384507
687153
630387
345471
418809
276015
390687
919251
919293
127695
593979
721425
372273
734985
489153
201087
945561
473331
652293
423585
163899
488769
427701
531489
957723
407847
956457
899361
373161
631935
724989
283773
849279
443907
815943
931497
232887
402153
362373
232383
278589
540609
627579
619317
37161
690741
227013
726213
583857
4017
583887
813267
916947
354429
530085
613509
217023
682683
336387
757779
464217
182013
278727
414063
235107
625665
951963
920235
519021
467049
555567
926823
209631
474201
63693
459585
329433
817059
242829
113157
76947
20307
247419
757335
34605
64095
718521
943341
249819
62703
698007
885741
562329
499713
223983
785253
624387
157503
203715
627585
781167
103773
21609
727005
778029
136335
787671
415305
58467
942513
46821
492987
659919
208299
147639
672213
816693
954993
861195
478491
313563
935739
150231
345411
724857
572169
346089
730701
401133
753819
455631
482697
222081
479325
678411
572067
481461
560571
229089
914421
537033
392379
371799
458397
38175
137445
899427
228963
402393
100455
10041
456981
332535
775671
39369
590553
683379
827781
786579
789099
444645
515739
464307
685215
315633
962097
36795
440631
12777
165483
877113
692337
939057
161799
615435
208077
895107
132117
555453
738495
868551
678147
186585
437355
171885
361743
559065
20247
553467
91215
952281
837819
200361
607191
111471
786249
547815
630081
751587
870693
722157
872493
201183
648339
576849
531195
725265
30681
64335
456603
720999
428211
816903
846099
305793
153447
492351
824751
845619
829629
598131
135567
278625
549435
64977
453621
150291
39363
428703
616767
534639
286587
737283
892167
694359
632889
477741
290067
307431
73893
394221
21501
700527
541287
633423
448281
444891
415671
308577
194475
607551
199731
933873
815403
799107
11451
771
589971
380313
140061
257751
403575
229863
623043
469515
679011
398409
406743
44277
190041
322377
49437
813585
834531
35769
670227
169413
76449
58593
492267
483399
875325
574737
334161
372417
770289
163293
500577
435807
754641
496779
948075
929301
656775
79011
847089
67371
559413
747081
567867
734793
121323
956325
225483
832245
918729
310179
106095
109749
524451
675651
216165
632709
433611
216255
173637
470517
764289
937599
285483
787377
182847
643575
50391
566337
840825
456195
300213
709965
128727
526233
631401
754449
128949
741039
209223
53415
345447
733683
9567
180393
843831
712029
955509
346185
433479
504651
632721
757311
349479
759921
508227
867921
42555
890517
450213
597795
694707
397449
492141
933645
438747
192399
419343
246555
545511
65217
191703
890223
217755
220629
764859
916965
839979
729921
530661
754725
838131
918369
221919
920745
804435
355425
453513
123813
764895
925791
277377
564225
643791
103347
77547
808923
172701
241041
957831
434325
230925
402273
712551
602349
367785
917709
701625
329343
313857
205923
527397
275259
205341
224331
549813
638787
801081
335031
746091
806289
328827
828867
250935
336309
578277
560535
220263
514749
702729
279249
60903
256707
147621
186663
616857
75567
323493
323043
693855
509325
655977
685263
648159
532719
457383
591471
427305
434403
410427
305955
674301
366327
79119
873567
304113
62325
124197
538281
377589
755259
808671
110919
330159
193155
604689
941475
914991
516399
946875
314343
806211
149325
925185
289185
572331
866943
604677
617775
781767
892389
909165
210711
738981
506565
300075
836511
521199
519885
678873
524955
799215
37929
237513
92883
719703
110475
862821
75237
82209
508479
929703
915711
692919
279849
849519
181989
593601
147615
24813
550245
744699
785775
271227
179103
687945
824559
477789
622593
840327
494481
545061
436029
7173
74601
247041
183525
649419
841629
11793
565755
537759
730749
733659
324441
876219
633537
636609
748245
211725
185685
216705
765099
655047
617637
908313
322587
902817
258183
509487
214557
559239
864801
560667
894141
55665
415935
694059
238581
33963
67077
326955
369915
638019
292035
469161
752601
317397
432297
375243
19719
744777
3003
174909
140853
451923
535893
433647
225081
573309
304821
877419
286221
487173
677931
133629
926145
203787
645237
618237
734655
247869
386523
219135
879717
689235
18171
365259
138039
563919
87633
555231
523689
328455
416907
932361
444711
371541
234765
60681
41901
569799
887697
400359
82923
523149
196065
195471
530979
672309
519471
96237
740097
780171
180345
511305
179133
534921
195345
18951
235731
137133
181419
614235
555393
82269
202431
633549
960309
881469
798009
223395
320337
832329
297807
280473
360987
373719
287601
183987
602307
197109
451425
574179
678495
913419
451755
815463
493059
677571
45369
778521
898473
476211
396099
642303
380055
878703
280257
308031
862509
319503
467481
661479
911517
145827
869487
907623
955317
940629
226443
746847
29361
61473
236073
702117
129207
2397
186717
148959
675075
74949
11601
197925
330723
10671
130299
590877
762813
575733
257589
844995
355887
406401
441567
242253
934215
418113
746895
361887
594369
656661
852957
543735
271317
682305
724851
410319
279477
437559
863415
702003
903153
661317
390663
271851
652845
879675
518559
514161
237813
487191
201207
333465
843297
741489
800685
237945
198795
704397
46671
295833
919167
577941
157401
339087
457455
609123
264375
103011
636687
927747
115407
147435
942957
476433
610905
220125
641295
132927
272901
108375
27213
817887
445827
645147
115035
697749
662109
584835
404169
856629
481713
622353
139971
716823
366669
644103
821355
654549
655923
190887
48651
781263
768825
125127
605907
117435
3117
363237
444207
247977
413001
455877
382629
66351
950859
8055
771975
416265
935343
53145
760389
622965
290013
775329
436659
642765
332943
234183
719889
316455
40971
502173
185577
190227
528357
189861
278247
937899
679791
268881
405837
624051
716643
322539
570291
687561
88899
63717
144711
595881
65079
318249
320421
211407
268101
535365
624957
136869
758211
570129
166707
214923
809349
116763
159123
600885
329619
60765
383253
540093
180315
664329
808347
31485
582207
722145
548793
67959
62055
539139
427563
658035
387921
401499
41655
669867
81153
891099
753279
323241
261261
782973
706923
826341
433539
198603
336567
801909
538029
315807
844377
43995
281283
78435
705873
408537
323727
861549
404901
394575
910185
781539
515733
302457
618603
22491
462105
947253
888153
191397
334065
669639
666771
284391
198897
569025
216801
467877
758565
496539
247719
189369
478383
287085
698997
647319
6021
754443
929373
674427
878355
515697
293631
218931
188187
348975
636357
686463
300843
383283
387069
513375
205491
421485
290565
269145
791319
668157
143055
189885
925647
242073
890085
344301
613101
758511
2163
610485
437913
789825
783015
877599
330351
560985
811725
699279
556077
249963
98007
372147
222957
52575
781023
68469
347469
427515
325509
817299
943185
853089
255339
774507
395511
177387
587997
56733
357015
41433
455061
503331
629859
536781
330597
460917
655995
208539
847995
449871
32811
746919
47013
860817
866955
928377
750999
405777
930099
50523
277941
381741
169401
715023
887643
868257
445689
771693
507507
691401
709581
355341
112161
153519
510003
661821
514227
93615
257649
538947
59733
450999
630117
760413
308091
556461
23349
512079
850029
467403
481977
45561
184077
143235
234015
37185
375867
493461
936507
659277
211281
718347
98787
242619
222051
632349
345351
68631
868323
301491
542151
845247
417669
317283
243969
71889
223665
867669
943047
17361
647811
768159
442983
910167
295989
315897
385305
80901
829317
842397
520839
431625
531249
257367
630189
778065
145161
225069
249609
171597
291135
248511
383541
610701
490869
301035
751113
594105
271179
808851
155049
403971
326949
208065
571407
961167
931443
700785
764919
610917
543825
774519
719211
310611
212007
94443
460647
108663
97821
166167
82533
587913
677655
386721
748815
191091
740181
159249
150639
766197
443103
298071
665955
405093
762405
154947
539343
156819
36021
732009
80295
841125
850503
743991
932955
109203
230211
387603
483915
360315
529725
525249
69399
415095
167361
535641
371865
314199
770907
475185
625695
798939
291021
60183
80187
814647
613761
278805
593565
138789
587415
715941
631569
474879
69537
288549
737163
541989
324393
543693
100641
216021
597405
759471
879039
683391
189207
919803
413109
482355
619371
531537
327975
940743
414771
87927
787689
900855
258303
859665
584523
648435
279627
634713
604167
332361
893391
32169
749901
617721
287391
292881
195435
522153
272637
685167
945381
429201
578481
289791
560523
858837
381525
116445
241539
919545
189477
504861
523827
201909
24435
938709
397239
601035
526773
763791
13611
530331
513441
61293
191943
628305
957687
399021
556785
102783
260031
321039
523299
393219
898497
161337
662547
852597
455475
123693
414717
555825
188181
187125
569745
393321
763125
331467
834591
691995
374073
214011
264999
576753
828417
621747
151779
724929
589821
183159
399309
627393
413337
859011
263805
123645
82191
22929
729867
36285
155217
124401
267537
717849
137073
487467
910389
510795
855993
646545
297399
821961
642741
647817
930009
509595
241035
795981
367713
900057
864555
660735
87597
546405
124017
494151
303777
621465
243021
480987
283983
740385
850779
490899
148011
121899
135267
846591
105657
804261
473145
446313
283161
699237
385401
745953
932835
721299
822519
298407
106815
286269
819699
248553
554217
114711
618315
914157
151551
348273
945387
591051
645093
582933
98241
910653
896277
900099
72957
164745
215043
197253
486729
248319
15711
403665
733065
659949
55275
480699
213375
429831
251799
548133
547665
432927
48561
278061
731919
539367
804219
302469
942303
155715
86115
22689
29511
258627
939099
332475
119445
335523
545955
494829
309621
450429
650751
205917
365547
208647
874473
686613
497997
124035
17427
503613
538617
780723
636435
865965
204525
345033
151047
224709
161349
23973
23547
79485
161403
518349
623055
793215
812235
22419
444453
147909
257271
927411
674547
266259
885663
382827
596031
262233
59001
913053
201645
601227
894603
8553
733689
171417
247005
174699
249747
45051
860937
254859
336069
840195
782877
41871
722823
554637
859197
469785
264069
509127
126297
411615
597213
391641
672003
925587
548121
223965
299703
424551
240351
628287
472137
199185
639633
527355
104583
701331
96885
898965
276075
84639
623097
1617
316245
149865
95301
510621
11439
639345
456747
756303
102351
154119
336345
587103
960207
54567
627879
51351
480939
913731
207489
430191
340059
695757
815253
601953
270699
370413
599733
47187
743097
874155
769029
816657
946167
461523
644187
200433
624843
910815
454857
774075
289599
192693
651801
623721
475359
507975
806139
131673
125841
620577
346071
245151
201297
836667
880203
327249
602373
52911
221883
911919
404763
521121
340383
775191
563205
72963
326595
281655
490395
24447
300135
530463
225045
564483
867423
80841
173091
176277
476241
243075
13089
883491
491841
539337
957243
931683
438867
542577
789309
335751
922611
139263
864003
204645
695211
521013
313905
538449
98019
695847
356181
638859
818733
172101
414699
70275
950619
269973
32043
237873
181143
867327
378063
69573
297375
174561
376293
437523
854589
302331
106575
548187
79767
70161
762291
928893
235989
360765
158913
709779
885021
385809
204465
651081
447201
180111
935073
468087
649671
903411
884949
368157
367395
20199
220941
520593
531693
686979
748107
338271
578157
210357
812571
425553
325629
205203
350877
942285
632439
848553
105537
454083
103179
357117
868335
625191
675375
469257
455379
420915
311199
676923
848775
320343
31905
364419
573615
860979
425535
802353
5367
433725
404583
476991
266571
641397
959829
443031
280419
828885
736485
536145
495429
135963
375711
134457
166869
735777
683325
333405
187071
75369
756087
49395
642909
368247
870597
57105
768975
322281
346659
710067
955629
696363
803445
593847
47547
831357
59505
74343
23409
206031
553875
512001
670527
563721
520227
281583
472743
187377
631527
304203
565527
161103
124041
179277
570225
831759
318441
688251
418443
25905
176451
358521
250275
816015
949149
69957
70761
588633
854175
681969
321717
529143
222183
343953
848541
744111
320859
479169
319407
764703
557961
70341
806421
40431
369783
926415
751119
755955
337791
139719
655041
455787
841701
29445
402825
206367
957009
393177
727821
657327
535101
239475
92763
369525
702783
773625
660411
8163
798453
653007
438255
392535
730803
265761
923949
627675
322095
140679
569643
528693
592995
159423
32919
773397
283755
363729
244071
898791
393795
77439
782445
898233
738129
618441
463911
588129
730611
860205
716913
869871
681009
407115
456237
470889
213975
256173
177081
31839
508617
803157
523239
699267
232377
116739
473997
334437
119325
947619
175989
405633
894795
376383
940725
891495
850365
870537
363153
102855
277683
158109
191907
619479
558015
564717
443655
754161
58341
430485
572517
110649
745101
82437
885135
574137
507819
447135
324309
202341
130347
923403
333435
34047
408429
297249
624807
901989
55185
939771
176469
844071
450111
733167
524577
225405
652743
52773
348429
342117
398415
568593
110889
483183
822369
101253
366063
655911
829461
877701
194979
731115
21495
538677
474675
340281
910563
393075
863193
487197
363057
400077
174165
279207
852501
752697
20175
535815
254145
321399
611559
540843
203811
330363
884685
944949
323289
593787
353595
165237
14907
848067
467523
832155
415527
273273
520335
308061
709485
652563
8643
274617
208323
795039
938661
64713
68139
106185
612951
561357
261411
17853
447675
456699
423777
531729
695805
185505
172575
691287
521253
51987
316107
276411
487773
504273
58911
409851
164739
53193
130641
193587
710601
926169
851187
911685
828531
810075
455133
520983
466929
205389
556857
120435
97101
951921
749559
52737
339603
904719
564111
455463
762267
281493
931815
150471
83493
502515
750561
138015
878793
783459
344937
448269
121191
282447
684567
156765
503919
132501
328839
190293
384159
922593
615987
664167
287493
157509
365565
694197
112035
603765
73425
279483
599409
930027
32871
440871
713133
905415
93231
484263
124875
544125
206553
200715
533601
192483
760695
216849
800403
329187
917127
398559
603897
747303
782673
312615
382563
210549
218127
632589
83433
808563
84441
93417
690243
265299
8787
309921
844737
132255
428907
346023
874899
630675
416079
729363
874995
333453
519597
608265
214401
200235
95163
637167
403911
632997
504219
526809
772617
413283
364635
626571
372189
393633
518859
908469
681591
710181
181683
37443
599499
470955
69777
26631
514821
720381
116319
691785
482967
769413
590043
397965
939405
888633
629835
851655
64149
250623
580575
1275
713535
202077
707139
879297
907023
166701
53073
742737
785895
621405
549069
777141
239385
551835
332619
154749
9663
845445
947349
590931
294915
212967
9045
533553
822231
227799
758535
649563
876933
648207
865245
28005
49785
578145
848931
679347
801543
287919
101571
283647
337251
7329
433605
54405
107025
177375
264297
885783
733005
3723
351429
436101
24825
873945
877923
409785
308937
282735
755175
467319
140625
75267
891459
841539
470865
528849
951999
929061
918693
301353
668697
275445
411321
364755
14475
742155
482829
895959
20241
391617
24603
659139
337827
148545
92439
290091
954831
340341
604515
96921
907791
675747
881217
736227
312513
517935
40419
46083
793191
164835
718245
234159
72489
50007
792951
426753
940587
55767
280563
864189
410625
835635
947949
417273
220197
658947
932271
903783
334635
649005
258993
226935
546711
680175
42267
819909
139659
961089
751941
797103
803169
846939
832491
818661
154449
577629
401667
724359
610455
590937
456765
279579
302187
71271
874047
742551
579915
480981
122133
673773
557637
953181
96195
569421
313887
52899
860457
778695
780753
483411
236751
707961
920445
410127
873921
230523
143337
98643
207315
547911
332859
855105
749595
61563
739275
739023
677241
766359
1683
172047
882597
433041
236889
581415
527973
416475
826449
460017
435345
801753
179025
508443
920877
516039
858615
166719
538623
942573
703047
196833
704517
396849
665799
46089
955041
231447
49113
734151
124305
564759
614331
258171
185787
81333
935229
827091
457035
826911
412905
753099
279111
187449
649179
141273
234135
387363
745833
582657
351333
733323
883581
32769
576243
543003
733371
253833
565665
34557
693843
185625
522753
98979
610449
429087
390153
948711
764469
19455
359295
921171
748497
273507
96567
19107
594735
906771
104919
142191
940335
956259
369681
99513
580989
583911
498393
221121
564723
605505
820773
351483
930477
624333
625401
566481
876129
130335
599703
200211
410037
370719
193617
557577
296955
392349
524823
125337
497013
524307
640347
542025
333219
943365
897219
329151
908301
961161
769593
634173
471777
110925
492009
259767
897831
479193
4533
68877
768255
145761
51411
174891
617577
252087
618741
858219
69633
953601
840681
420891
626073
410475
638481
244923
786915
229959
325821
573033
557913
700089
273525
582117
218943
511887
482199
260367
724173
404475
450513
29829
176211
620439
472617
637623
194949
884139
650709
35241
861537
81201
261351
323901
743829
412101
235227
13569
359655
47157
896121
541095
265593
241245
687087
774585
575013
81069
549747
782985
68349
959565
57549
236313
440199
869139
180789
940917
297051
95127
628341
4239
798693
391089
215913
570927
522729
413853
344001
218793
314733
741447
630009
733935
71349
91275
646233
541665
244959
795741
629631
160125
686163
868809
901779
164079
532899
501513
665283
561099
37779
40359
352131
127071
120237
529695
678273
698613
873933
554223
276561
684927
245025
651543
400089
497865
412431
476511
790407
123807
603045
859179
946509
64233
591975
550869
256167
15231
927501
215475
303165
471423
184515
410997
285321
266523
308871
426933
22443
129579
414357
467565
40557
881811
400719
171183
670773
463653
364497
753117
764661
387285
566331
678975
389583
7071
209973
76911
11481
810021
923031
883749
715473
516831
90513
299037
742407
544611
806841
784917
221253
276327
146421
533979
766293
145881
401589
544857
706773
629187
692787
568245
346329
468783
178791
932211
247557
630789
604407
70443
671049
210561
541827
765813
669717
846273
188073
160647
333003
890409
423735
361053
229521
58059
521727
328575
767085
340053
533907
748641
308811
732981
318597
84981
225807
911679
666681
743463
161991
20991
415113
652911
735477
289017
851901
926355
94893
89835
293193
913443
136881
119637
703353
752991
252633
912981
183993
764157
263721
744567
111897
730311
465897
273135
646881
700533
703137
700035
741423
944883
467487
823329
15855
438969
407205
959439
507795
762009
57861
954321
54927
716139
198975
748527
120483
429627
522543
207873
203577
754131
211365
97425
69081
497511
486021
395499
815961
454773
432723
319305
900075
387831
860571
4749
121833
279465
113859
730191
115719
865443
557685
323433
629091
27735
464727
467427
167103
312009
394371
218655
441279
171645
623661
781407
804129
761541
905397
569955
284427
207723
6423
51105
581007
107187
698229
138273
140151
760953
440481
777897
424731
284481
702099
605931
764835
269565
573531
519627
455241
547461
703671
670575
896247
90849
702171
623583
601905
900447
799791
179145
858621
328569
605235
273441
240765
248649
256995
218229
497217
253563
18333
886113
12015
780561
115581
29715
950157
317085
676563
760515
172719
726591
195393
351477
768627
557721
332259
66489
824313
577857
778323
368793
202563
345153
501225
594675
250545
401073
97593
751785
438099
33531
923439
342261
433719
242733
410379
935703
141405
908013
890553
459039
35193
529011
510579
803037
173061
329301
143181
701913
399951
624411
804903
470163
837879
856587
311037
156069
12525
103701
3957
889935
147147
872349
165879
11925
277359
78675
443955
186195
502119
653475
552993
776901
501303
774177
154227
362823
823845
463119
393957
598293
656421
152601
766077
92925
890379
576759
27993
688359
444921
262647
641637
697911
220689
458811
620811
884577
918471
86547
128601
14205
194823
372111
214131
615177
946719
917613
36573
225825
434955
866517
660615
699693
176439
34821
117051
229731
911439
928599
3531
945873
229065
267021
270585
182085
296379
251133
865989
851925
611481
361341
300129
368613
158433
271341
367431
29025
620613
354897
644823
35601
949797
228825
528939
492927
3693
504453
103041
483663
298533
618843
722847
239763
163371
680079
339489
716391
260757
659409
885159
259263
774267
657429
399729
409605
264807
208923
621381
863943
510693
29091
476415
125355
20289
724143
557499
117453
488667
563073
361359
785679
568449
75585
809043
522879
611007
84753
811425
304971
112299
26973
117531
668169
466755
323109
549657
279783
31443
411531
255861
421347
417111
661617
784971
715629
875835
860151
222537
270363
929553
718557
952167
649491
859281
811137
234363
764019
390267
174765
105549
777783
236403
943401
906045
728823
742605
112017
118215
835863
362331
61707
774579
413163
14457
256605
282993
16533
444813
236169
404895
232725
843573
488397
15741
250641
103851
201111
630687
739779
862587
499005
371163
623229
675495
819435
825345
510111
688299
750969
558801
597039
509361
664803
122661
482463
645849
768279
793161
317859
385185
692997
459351
753201
143739
357579
821223
942945
152733
477681
596115
603585
29295
205671
465615
364377
402939
394695
298089
189231
604929
679557
692649
694791
738801
462435
226263
702717
917823
889953
632697
109911
83031
549627
432807
660657
870369
642723
162267
730173
592443
665607
640533
748005
473643
408027
38313
10899
506955
235311
354921
329949
302049
197817
304245
736203
627387
251487
792399
932937
585927
30375
470451
908487
204867
910017
98835
575145
754947
90663
496191
483159
174969
797079
155769
580491
622197
743241
909459
443169
153873
436413
742833
488673
724923
427971
116547
106167
127401
361521
344259
442425
292227
836991
959637
75201
73383
108807
133125
802581
382023
78159
958965
231207
311031
956493
908187
772833
466239
838119
594669
88695
334461
766725
251793
386283
481053
139785
510843
226245
217167
717987
10527
94995
916737
463323
123213
938553
38235
793671
603273
273561
590943
618615
346191
595329
571263
925863
295029
401295
312399
329607
699339
250029
916083
142605
560697
741117
388725
919371
307197
497661
683175
136251
446319
445011
765849
678543
283671
22377
273777
643899
129825
314289
311835
512091
211455
600627
105987
83271
287709
210465
839049
662295
790815
544593
321291
585081
304101
700899
953247
914271
339879
651627
741441
468159
667323
740481
553557
594417
26913
423579
2049
422157
134559
31497
905907
855369
172803
105669
165687
606369
70323
320871
802869
452631
388713
595671
173973
873651
645465
32619
379089
802251
140739
263595
232539
637593
347973
551079
147273
422103
602457
394263
192177
204537
668733
284271
810993
199059
127605
90777
684519
786513
933297
674187
177999
738039
115239
427005
40095
928923
82965
693825
662349
322917
181827
72747
273639
770445
522297
307941
359307
282597
881721
859791
134277
122739
661965
549531
730029
557139
29193
341043
295485
192333
563541
476097
207771
338949
584001
39321
258027
150483
407193
635739
374571
175725
20151
850689
949971
111105
536139
333579
69351
82569
596739
115053
221025
861945
501987
941871
49803
101421
86493
596499
376971
443367
683553
710061
793779
629751
510303
93855
958005
316605
238125
242925
778209
180465
861483
549099
624117
572445
92997
908031
413829
658875
914619
104439
666027
422745
599475
785829
765603
778611
439401
513117
944133
443991
195021
901791
487779
666123
125523
702993
664731
105009
645393
14967
542019
171369
876753
604077
791433
856485
446409
948213
802755
264303
85359
799617
296865
851421
487917
539577
695325
709341
617259
334503
937401
718077
513729
131901
502497
265011
900453
961641
245757
189489
828561
657051
788193
62145
80067
464469
243795
189609
216465
64743
877389
439245
154113
174495
520491
667065
516849
576063
498873
659559
120039
15
404625
647667
732855
768843
610677
805743
34587
540819
518685
63915
674391
869529
116025
459327
105801
839565
147285
745803
735681
18273
229887
308169
735963
889305
473829
614007
178737
437835
610323
879333
915849
566373
849651
855867
134517
823095
439623
727923
521955
705231
411519
894435
288123
793101
623907
681339
648399
270801
235041
769863
219231
582495
792753
859347
666939
4821
139485
116535
744741
956451
737511
306549
338793
224997
231957
334527
622527
22251
724023
207321
709761
399471
185973
287313
113379
291753
560403
508659
11559
27249
826713
845499
479451
228165
46371
863799
475389
354951
176925
635109
701253
879657
33009
314325
320661
911763
45759
713757
416883
284961
178263
161247
159345
815691
869715
322005
599751
532737
942933
791307
344457
9831
565875
887937
138441
822855
701541
950265
343563
913305
263427
512109
697005
800463
23139
620973
443157
792447
303189
156549
450963
621291
360741
473787
443331
674727
310389
959475
516621
199407
854439
105177
365823
917829
89529
699309
403053
583023
601443
947559
482037
701787
850197
187833
422565
555345
712017
631809
212961
809469
466941
529089
690081
706719
134811
93279
816789
657771
2439
357393
615243
802521
688071
374313
914367
42657
755145
620343
769839
534105
316047
582459
783927
459675
832635
853965
790863
877119
854187
43395
454941
153153
259893
447585
915771
386871
945969
894117
370539
149487
483765
163161
788973
894891
79161
81969
770397
189771
737319
900993
131757
467193
590871
600963
509121
926721
345003
304071
853923
620187
410835
726741
392547
92229
398985
547959
665385
425727
207909
212403
191529
45669
210555
379977
699201
376575
346281
136257
608169
511623
96717
216261
335487
537129
95157
475317
337299
339855
4227
474993
257865
591903
533217
419097
346623
701241
555957
862059
690315
282951
808131
940803
108723
754047
832287
127131
776463
233541
722871
887163
429819
890373
414909
923655
395217
907203
210831
126885
876531
389271
251337
595245
229911
955569
40137
137325
549249
821271
313197
685629
898269
746955
55839
298215
701259
79233
99621
607467
820653
1305
560511
535137
248301
492435
203829
815913
122247
862101
860991
749235
935577
591651
471435
508215
544221
871605
304233
412503
494163
627477
754689
829305
518697
387615
807615
493539
153735
562959
173031
482325
772395
198477
786813
365331
155691
400989
718515
781491
183207
731835
198015
833925
47577
678333
392565
577779
598821
465111
240813
581175
789891
638817
648057
668091
287253
419427
587907
515805
320109
455673
653373
688365
606771
329259
934779
235629
272505
11289
442191
715995
163671
112113
783267
939381
241233
363387
641361
951003
43359
446115
715755
425589
334455
604875
185181
93141
943335
87969
958365
404865
385749
510513
947235
402603
953835
416913
131937
511323
664683
734757
112497
556653
391179
719115
607833
108489
215541
158967
241881
522255
137265
855297
155151
268599
497079
380109
410805
879765
59487
551067
785847
288879
16173
356553
88545
137307
63699
621435
396045
147927
742821
164973
591699
803961
78837
2535
60171
718761
681423
27477
241095
489933
71559
944655
90831
216621
423747
684753
362745
644343
559437
432207
834315
945087
196743
201315
359943
117765
244401
177801
208359
803865
376059
861291
181269
417081
814641
451911
212193
300423
601071
535599
201189
810189
643461
824337
262983
82497
579087
277983
552417
635685
842469
538491
268695
199857
483627
289707
219171
888543
126633
814749
478389
448935
765609
940461
506013
806259
481851
495807
709773
723171
319197
873597
151089
395385
627633
151419
636669
442197
877845
230283
405255
320985
28923
755985
184767
472779
196203
68925
138507
678657
471999
325731
69831
521007
152055
471837
767151
195855
304365
124107
35079
340683
207225
44709
295953
307071
947907
246597
716187
531501
319149
541071
580467
937071
476793
699165
367749
908883
301953
495039
200727
857301
325707
384705
254559
904035
396417
559887
61395
56571
798435
167457
238419
475383
193101
110313
341967
201261
827841
480531
492945
489243
704289
20193
59091
453981
238551
186987
696291
785793
756777
378939
605097
399987
633237
242301
304467
951009
205209
512727
46623
925581
386271
157353
6561
886833
188535
113535
650757
367767
432159
501789
412191
738429
50475
907689
811119
711087
564183
473115
599337
912375
195801
772263
486873
283623
652125
703155
223311
941259
862035
42915
16503
597837
865383
863733
619587
584493
801459
908841
131277
28755
73281
244179
925269
630537
542625
159561
868647
380925
290103
316257
473565
228525
134631
49149
742977
523977
399063
727461
569067
387477
934161
886011
147387
610431
905811
190317
69285
226767
826281
739587
494757
291969
613359
19869
941931
706029
767541
131091
785049
895131
779517
821901
948789
943971
885411
321045
685149
459831
229365
661329
714363
405075
276855
917385
622191
581391
842847
150027
616155
384597
228081
667293
893505
220497
90981
413775
164499
315111
352983
15195
918675
778077
468861
358293
835893
209307
394767
315741
26301
273537
905817
352167
135897
519909
363999
791403
47235
113349
444777
227343
5223
398421
730443
177501
776325
360087
153069
880815
477291
660879
122901
220545
423507
946671
585087
465951
767511
284115
451989
391695
204105
562821
299577
874797
766047
245949
557319
73323
414855
429279
757983
193473
522273
622815
92859
72303
806301
652527
962091
837219
374019
681909
627765
825297
177585
155403
330381
407961
182511
240441
169215
509043
747219
441321
342321
127671
908853
454977
161979
659565
281889
66627
697767
185385
784671
321321
432057
637161
242061
566385
211077
26817
720801
860805
543255
795153
164715
368067
826467
945567
635181
718905
716727
663891
540585
942453
352869
789141
615321
19749
591753
336063
678345
716265
711003
222831
502821
344445
648405
432651
301653
100731
719223
634311
345231
680727
498357
212295
165051
771201
707643
40587
728787
733779
674619
283911
722733
51435
822291
884025
462381
694161
103209
204093
239121
166353
288513
728337
142317
490089
430563
752019
14331
706851
808689
596469
529995
110307
180117
134649
534699
942813
441129
936765
882909
188775
813891
428415
546159
224085
649881
794517
329547
43113
546183
871485
916329
42537
404967
250377
680643
157005
242001
872433
507231
944493
532251
342645
207105
656805
888261
217875
570807
172551
43887
254805
803967
240687
69147
353313
256479
733239
542229
62475
321351
279033
7947
745497
179523
470157
676029
789975
17895
618351
922983
551223
182577
96243
901947
846783
473487
49023
230949
87399
16725
812643
443205
162699
836085
577137
601803
73545
629661
7101
56949
409971
514917
423159
219837
570687
784647
636195
165609
426867
166641
359121
76617
741297
432855
30909
440991
101037
313107
182427
861363
198921
254151
483249
678171
833985
703803
382179
437163
766329
154707
801261
379161
819903
940083
894477
458799
297111
751353
332187
48837
24969
909249
552063
709275
761457
564045
599661
29535
906027
243273
542769
194865
542787
680415
742623
597567
318051
753015
900033
217155
394287
839577
470985
879027
359691
55983
333519
375399
378723
552141
888777
665139
525795
363639
703143
861885
808035
275751
5205
875145
530607
260349
238623
204639
533361
454401
20763
38457
46203
181095
534801
807441
611259
146535
722307
107373
904209
278697
567087
864321
122229
376551
661155
832083
397875
436203
851727
81801
87693
249183
227535
373053
605457
488247
780861
509889
473493
210873
297561
380541
516717
864459
957957
946353
667503
784611
627369
728211
592563
53511
48225
837201
850743
482073
710613
287595
22137
535695
866241
913707
522363
163743
129765
620337
607989
467493
22905
82467
732111
907197
48981
60273
583389
851553
199521
80493
408531
161877
794937
111759
856857
858369
266787
694353
471039
411129
959199
769713
22077
841743
200121
869109
333813
607857
755889
481989
369261
317301
729519
271725
140817
443097
136221
599343
111951
262413
103131
24591
335439
204603
524535
54729
186459
887601
697581
941679
644247
856659
328689
955413
643407
329961
625749
331041
890529
773913
731019
318717
435159
595773
38601
81507
817509
834291
297687
892569
953295
284523
872775
109941
892281
882687
936243
273795
167175
329661
231441
849537
667539
793437
64767
562515
705693
364407
249915
727755
801525
764643
864009
366495
761823
814155
813897
590265
612771
517227
187599
846333
844299
826767
377601
116685
941895
697203
367869
296787
671919
584235
577827
931347
35733
661401
732015
242145
907737
181371
281709
22497
623955
51591
219021
691389
385881
222117
488151
115809
406371
594591
871467
430779
804975
487815
674949
525195
537297
777861
415905
847083
867795
492801
453939
67875
682977
568845
172671
394065
624771
893163
617787
143193
63339
533175
248421
842613
573795
905109
499347
936147
571017
63657
450759
892035
20481
129699
764535
837531
129753
296637
474765
843483
947469
941109
664881
302163
386145
607599
532257
504495
273717
949947
425979
269691
123285
956205
837579
462279
829533
895353
32049
399723
247755
198195
878055
121389
812127
958215
207711
644997
880155
956997
69477
594597
71043
497391
135843
25533
726765
77673
358677
609279
623379
872649
560187
455703
500349
59151
147933
904671
231585
884841
341679
130653
517287
843825
550179
888897
53043
895761
452835
117969
935931
518061
552447
482661
213255
79653
844107
458937
170565
358881
338535
1365
254463
238983
292899
680985
721989
189789
260595
138555
48909
42621
746319
220671
935535
420975
5151
380769
893373
508893
550065
700569
711963
137433
575727
95739
778383
62745
868683
389751
689775
150561
586695
539421
336321
901977
693759
806547
552459
806361
346479
665937
881817
562569
237795
1641
1371
416313
305595
586041
218703
773805
704541
81975
932247
256383
68187
438711
183573
19671
412251
432381
716595
952287
37395
266973
900333
611463
838065
100293
451461
583005
115893
747723
564885
164085
694749
568125
958425
98817
89595
555111
173511
920763
327711
555261
370665
661515
920343
545499
703791
58479
303939
180045
116997
697629
311931
214869
314973
479529
407667
912327
825549
239367
66285
132783
237597
434235
689997
365367
164517
800661
552819
894621
494103
933525
88569
784707
330147
831729
471465
355191
877281
412767
879645
671583
181101
696651
874053
904401
646527
774123
622125
725589
110115
774561
889887
776895
339453
707565
823359
825105
772029
910641
572577
766875
448947
127035
111411
130023
843969
585483
563037
352533
386007
734145
924729
498147
321189
720453
133971
528855
151575
33399
249561
801345
720513
790197
232701
196173
221949
767721
175221
858861
66651
382893
451833
32691
396741
639321
771621
489855
854331
78699
129081
452643
712413
728895
760257
911361
749097
99849
21849
465087
555687
314727
579597
563397
440793
533631
39459
131481
720285
413541
588267
604065
467733
723261
822399
910503
699123
197073
442599
174507
844191
800289
140859
613773
602505
726789
725073
625125
819573
698799
117639
694647
703497
788295
889047
250197
636513
83193
108207
306783
877299
898317
117207
588735
718803
852099
493761
368541
140781
434271
698823
765039
961095
913791
863715
134037
384657
884307
371139
938103
409047
609141
749925
302847
553839
503175
270855
729417
407097
932961
271053
296823
680745
21633
412131
82203
346629
863091
622569
192927
228033
334767
360609
762183
902415
961521
857853
781797
739365
279951
714147
352119
765645
949287
905685
640563
594981
806703
911463
613725
269979
193893
304485
474285
405045
429879
584325
118755
5979
583767
463089
546981
265233
152985
539463
506997
405987
821205
457395
915171
560529
58413
448137
409587
741531
9087
704229
326241
355245
409383
50001
631101
360141
647445
518049
228747
349437
589245
41943
740475
391707
527805
696045
885861
912507
869679
313179
200079
698433
829803
480411
142767
119277
615093
605367
947319
743955
924129
671805
395907
274473
173019
158625
639171
574467
749103
261699
88461
758229
93405
366543
132075
384777
272211
741105
65025
786147
683187
459951
579543
69021
803559
782175
350901
627411
898887
96573
180957
661347
237639
604911
194007
492813
777639
201099
306987
606555
276303
461295
267531
555999
70461
194325
410397
458979
341241
825165
465981
614487
617175
955425
4833
463185
249759
368751
31887
841143
373779
943827
850107
646905
385659
7311
910329
816843
189873
601947
108849
303801
306591
509469
691281
359403
947649
22965
738693
435957
951795
237531
578433
919539
27627
438249
230685
664191
934893
423957
575859
769617
319299
738225
321219
567429
467031
70017
726987
292479
898773
870519
839877
865293
360531
582681
36459
37497
131601
108189
783507
677463
18891
541779
433287
136821
425685
37233
708393
64083
394821
810117
625809
24993
594375
818511
919569
836877
771309
734121
277329
231699
110895
645033
888981
394395
866055
707727
381939
699081
26397
938589
47061
231069
437577
386691
901839
820305
236745
546111
853833
116985
373929
178707
590859
277263
375897
340437
307293
200439
786693
15153
747999
311793
341415
707445
473181
455139
682833
533541
498531
94575
172251
611853
773301
580977
260211
365169
597111
527013
501873
753543
708723
305367
209385
574269
219423
950325
37515
617151
308025
700659
252891
174339
161487
859701
593349
85833
113931
747843
915063
534051
783945
945225
70197
771117
366291
70293
473895
469809
911469
775575
336591
487035
804477
526101
919797
251259
415743
326229
31545
276159
425991
593391
256509
580215
875289
565911
896763
538113
657159
814671
298887
545253
803859
214209
794679
850401
879363
762825
899433
390813
469005
393597
510033
508797
847287
597051
833061
798027
708945
520173
749481
835509
435921
942969
800133
744129
806409
679005
236559
340131
713409
652323
270561
496959
29931
40839
790569
644661
477021
113547
12183
500991
56169
539499
515823
805659
655509
570525
263793
762219
911241
398919
692157
894927
87987
481641
604701
302901
85941
140409
22311
417975
873441
754359
588021
704133
623463
251727
530481
710595
764319
784575
618543
328539
758259
902655
699603
635511
960189
531291
428043
134199
905511
758283
587781
3777
845805
73335
738555
562503
381993
231183
625905
690045
697893
697413
258975
703659
346875
763023
466839
664461
519951
534675
295413
174681
726471
807489
943785
679431
180621
258213
356463
547617
100401
477939
819747
581079
124839
535299
769155
366411
420471
843861
559005
326295
849621
46617
763731
319659
826485
468843
835017
636057
292155
819339
160293
406593
809397
449289
692019
59199
480459
475293
652173
73407
756207
399573
50601
457443
285423
131151
479001
598977
824115
48177
504675
317847
61485
559773
835341
715491
40107
290349
216189
317835
700059
426549
249057
677781
898749
223119
573429
654999
285111
375417
864273
751977
805929
240567
681243
945621
167283
356139
468183
352449
44655
763851
669837
234177
558039
249843
710103
2181
133761
637749
706977
358443
70773
912333
25125
305979
359427
632775
289413
948987
511377
196785
371991
826227
245211
857523
540513
924801
515799
158259
389061
360231
188373
554955
776781
151125
404211
65031
947997
749799
753093
117261
120837
356037
603555
182319
834885
924453
751239
143859
707757
228915
69867
529833
551727
306141
880281
506751
506055
14661
948135
623253
360621
123609
73365
585531
895563
885429
806595
884985
376983
767067
816777
334071
831489
733383
577533
698889
620841
731553
289257
589983
704013
273285
844035
441285
333495
690273
112275
341847
813357
457875
391335
115845
415197
31989
705771
543909
153597
689505
565503
475977
819867
931257
494805
624495
183981
440457
130497
158283
74187
626679
398667
630375
21771
285585
652005
352977
815619
852063
484935
931143
306477
321141
387927
563349
108267
735
581145
942915
305757
144621
92679
28173
732489
518733
396441
245013
327843
266865
873855
374721
372879
723177
481047
940209
444231
895377
679449
666171
458049
273615
123045
255849
97647
283887
75333
747261
611997
808605
255117
559701
817689
878421
371499
64089
556671
876729
918951
524985
646191
370989
740949
668295
16509
759687
931995
194601
157305
636309
353937
730221
924969
236229
98847
898845
888171
676947
533901
586791
242199
439839
780879
33165
673329
128025
835263
535989
136425
328599
452211
606501
744201
824061
516075
867441
566391
372927
93429
51669
398523
595071
347631
948369
199485
71667
8859
327573
681807
763137
655167
5541
316005
411783
317643
332229
219513
491253
74421
202911
109713
515625
275979
381861
519579
122715
14565
283083
519735
481719
784203
206583
47691
866661
695919
373833
475929
487341
398361
74217
473655
731727
171537
597183
544665
338943
422151
934983
927159
612765
355377
120987
553191
344307
774951
825123
295305
148203
489729
342303
604395
709017
537825
586551
504117
662181
602487
241239
525237
707973
281871
543351
497931
268233
246969
165873
812349
210747
747807
906237
134379
949641
832095
721575
569427
475737
119511
191325
316413
832569
35889
58131
539379
165645
435693
566313
193425
189747
89919
634545
883737
391773
383607
466503
261327
638775
477381
201807
159807
768579
225195
761637
608175
673473
163329
509403
835479
588945
609909
296697
168717
547329
29793
167385
220767
638313
524493
846327
682449
760155
84459
578967
890079
182451
546489
465369
464445
558669
885435
6171
951597
670125
304785
868593
848823
652869
564801
785007
724455
313233
694455
335667
581259
168969
609111
902949
932061
50403
890037
11775
80205
337923
813597
195957
168993
294237
207123
180081
125823
135027
146235
327999
625869
681219
298221
863109
145845
392763
145185
872469
516057
381891
366555
455775
518001
858495
778815
168657
853377
325947
122787
32217
120153
188343
707979
443721
609963
791073
768225
298785
680625
633729
42165
955281
931803
789045
912543
878505
712851
34383
811563
178425
682101
33321
70059
897663
758763
63945
521367
240315
619461
72465
364881
526503
216459
865167
810777
146103
616395
122679
5739
845685
685431
368589
473307
4893
157137
915879
413349
220437
397029
709929
119901
126561
797097
641319
780327
539349
318669
102633
62877
580287
892941
402981
565371
764373
316677
255777
79995
446817
406725
521001
952479
405225
474009
658137
252549
571629
213699
509265
962025
19143
603561
344169
901497
255321
288957
195675
260235
50295
863559
737307
577293
960807
843183
553161
497331
441891
321687
682167
851397
802791
273129
485031
633921
409995
200043
689607
430131
646107
29637
770655
413403
714813
34263
461385
770733
592905
618495
958287
225363
482067
548763
220983
691269
35703
814425
398955
700983
332325
884565
594771
915597
504591
938769
91191
304881
571371
952341
531771
866481
651789
300021
342135
883965
768429
28041
58611
15543
683235
792477
150165
489609
954399
234429
619821
160725
512505
794091
385485
125031
903129
13917
124215
61557
577425
672411
384099
266367
912141
619569
98943
601623
29415
555849
835581
453573
780039
468741
8115
465927
120111
17667
241695
316275
959115
428361
51783
586851
898425
143685
825477
221715
229215
464175
11337
774717
286617
584259
262953
235521
246027
736821
939279
376605
193257
469317
149331
124761
355797
865473
404661
656493
170253
603147
723807
154365
236277
431373
469467
346485
827787
948429
855711
737787
53457
516123
237693
137013
793515
244269
466197
667443
128385
923523
683613
404013
497625
674349
698853
612015
331881
454953
476853
393117
71595
953481
490503
50925
536877
33375
564435
534897
510219
714777
25437
61713
936429
479775
307599
756597
334809
531285
266193
67587
612369
258291
535965
451299
62151
241917
531081
536937
689601
268281
579495
698769
270663
361587
200061
212883
629967
563259
567339
926103
33111
178953
490791
121533
847431
632355
507201
135243
199191
801483
593967
397725
239049
148701
451443
97455
878331
830571
27183
8637
112767
141711
501897
438669
12897
515661
284805
781533
353883
235845
325461
484773
410289
432501
104499
359979
126591
644073
12105
321489
152487
577749
751845
132051
699651
5763
530811
951879
578883
548727
212157
291597
201399
701295
88059
499293
441771
933783
312201
762201
425691
199083
775005
357225
894813
861933
178287
808647
425793
63711
945135
529269
734211
780531
268605
658929
446721
703947
417483
111303
103545
607227
120297
223647
382119
743211
100209
110109
612711
823275
483753
801735
655749
308607
41451
940611
703167
547011
112209
486045
80625
120135
665067
508143
526569
72261
635625
186243
834645
224097
11307
927741
915831
80823
649815
938715
559089
667647
819915
301509
65427
82809
334821
854985
399417
653871
650079
361923
603195
94059
687261
656865
582213
883995
615405
361101
562047
590955
942315
479415
219339
608973
67221
362259
44055
937509
744555
750471
597087
841887
235425
543249
633303
98103
74925
326475
893751
120429
897525
885309
456417
515019
287787
389967
742731
624045
554793
255927
277149
187569
37083
511239
323331
764463
819879
292683
628029
248505
221691
544089
197727
763317
699297
79353
449799
15159
909849
378405
634557
245163
524997
7617
504213
364959
706005
120141
826917
574755
819711
572253
687441
700995
656025
55515
218781
953307
608223
43725
696225
929991
24045
41199
878829
792285
744609
282573
234321
593343
886257
47319
454701
415071
482235
269193
161571
238779
563643
340725
377901
510993
423399
920193
348345
765
428121
313701
809193
720033
351759
677385
801663
638097
471537
372843
714351
81375
143631
331101
584481
477759
775617
507267
953319
931923
176949
320235
5427
127677
108429
521589
455121
197283
333705
581379
519147
16803
29871
346887
124449
600063
288471
557661
638307
362643
779715
389307
260163
32643
64215
106425
351033
339015
439803
772053
595767
839025
14895
524367
334299
245871
377817
169641
453105
665301
84375
237615
919785
889833
282519
702219
956109
172527
358761
950631
593673
165267
824157
218853
8685
445293
674607
922485
589509
427425
784581
780393
395151
89127
440373
751419
187989
781569
362709
635517
159765
597903
721185
634191
957327
310761
409161
797469
91005
98901
430947
525405
428403
222459
90861
63597
756807
225915
938157
903423
246375
501381
953679
57909
324573
587823
174453
349815
200781
389403
925215
136161
905391
408105
217815
876855
468705
961563
66255
285807
866811
893073
114585
106287
477579
731487
433455
819525
366273
547017
274059
552657
373767
620127
716883
60621
347949
865953
843099
211809
527037
186999
57717
919017
380787
416649
708729
467217
275997
867411
719415
39867
552267
438531
139443
908133
278457
829005
124389
906111
584625
513063
449757
806757
443565
250959
21435
844725
770829
295683
722013
837189
527043
348849
124329
249885
880779
468465
261207
288597
107415
112611
744981
694533
515169
484941
130719
373089
614283
887919
615165
623019
784389
412563
188115
331323
799287
55581
74583
723765
945963
732267
303927
818619
946047
111345
274221
111237
247743
836769
744831
497379
774417
854583
140481
39963
255045
542049
18345
247539
145239
404571
153291
133347
55113
922119
339399
213189
223851
111375
121197
444297
751179
449907
41637
184317
843591
11673
215577
167793
641553
356559
250395
203919
356841
159153
447861
662679
564201
958665
799173
829527
733503
927711
106581
710037
146379
363303
300009
18435
750741
182145
952605
917253
910587
78201
167367
697491
438477
607341
308625
527001
178173
620319
122439
267657
105753
507039
576663
325215
584841
566019
923241
774855
160071
191787
269301
188049
475521
66555
680115
348315
153789
95061
772539
233781
460953
664821
608211
682299
563001
343707
948609
899841
811599
187251
119499
829899
183189
246285
960453
916773
472149
522885
772857
151365
142293
804963
164115
541725
901185
499587
674229
348675
242049
242685
77853
402807
683091
757173
476025
190119
501879
915393
775335
598509
709377
626085
734175
771705
831207
824625
333591
393051
215793
220749
152763
324657
929175
144747
604707
464751
152553
433551
522303
469791
425919
575739
419439
911607
649029
906393
493383
757005
755595
249531
954369
387453
286761
619563
899367
535011
698547
55857
783765
901095
958659
637323
762915
440361
427719
54765
195285
324999
531885
92535
955143
96075
219243
906195
925977
483357
704649
108453
206715
721569
407577
409125
788643
653607
264597
317817
214509
226713
331905
140079
743301
603411
147015
198471
624963
298719
824823
863271
666699
266739
361827
900417
952815
808359
355185
715431
346155
586503
171591
129285
181899
90399
110709
439053
748557
929733
762687
63705
783285
462657
441069
280539
216789
144177
625341
872529
210009
85737
411153
644325
73887
232371
917163
407385
41295
581607
895803
623511
584253
101103
168909
915159
236829
887463
824127
371877
637899
904131
99195
663405
902571
358251
665217
705297
267321
664893
625863
519369
231609
569967
608127
340947
592707
88815
684639
174417
340989
763383
555099
812085
787539
703701
517551
267033
594285
315309
882663
288843
7347
919155
254241
24177
715077
419745
505491
197145
460251
11577
512799
64275
762651
54879
383613
628353
327939
931917
15099
253623
674559
589959
56613
6837
633741
365865
126231
555813
826755
53901
945735
355611
659493
264237
229557
66885
921399
162879
880215
650949
735597
639195
259593
53277
471993
163881
3219
227865
614337
420021
252399
374475
472947
878907
9513
648291
244323
960573
304677
842115
612081
187683
225411
814593
119385
641571
842109
450231
121071
894543
314601
67569
126819
58455
618813
875871
868977
622209
104667
80409
67179
191583
540045
810063
131433
387759
842919
167679
453225
53205
454341
326811
334611
1605
954819
16641
471291
472911
870081
572115
813987
131193
649677
102987
951561
661299
867387
72015
735693
341973
363111
894453
773673
30663
541059
256767
803847
852783
661455
264117
841653
659193
832203
748053
806169
940923
458901
161739
921483
504231
850509
905841
37293
402345
730203
439419
36393
181695
361143
732723
94965
107487
130263
582051
363141
741429
144459
534099
154197
515847
490785
921957
780819
339213
7209
83427
646713
17829
762549
190251
213483
456309
488541
51045
887055
403341
653631
911997
584265
424803
302133
539169
274539
28821
891357
14637
300735
356805
150327
48189
828375
451071
647769
597483
938973
782721
645141
915459
631137
368967
84843
352353
341877
660333
790935
894771
691257
674277
681201
774945
663273
228693
817335
952011
290487
89643
887637
706407
379077
478551
7515
639585
194829
533961
280743
908319
484437
7155
551325
47205
266373
111717
686181
392085
139341
81231
108327
656961
284991
25239
494307
662781
428829
166521
8943
668925
652101
55755
919137
730965
786615
797925
844317
350043
577437
33837
517323
852651
949851
723201
166173
244383
654525
8523
886713
800631
705843
561561
952941
358113
791763
135495
260973
712365
396369
227361
490773
598257
647595
715203
931773
942069
579483
375069
137439
737577
162351
109251
562737
920499
904503
511155
944253
794169
564987
28713
864879
740169
797823
17415
179913
405393
194439
598725
762333
137295
702273
488211
772035
110217
639189
97743
948939
178851
626163
913677
675387
792957
588603
44925
348909
780555
916005
925377
657015
779367
624747
245763
351339
895173
950193
325911
113961
594819
285849
75213
397083
242031
719409
840291
485655
145389
601725
856317
725979
45351
292971
698637
559059
820671
486855
760347
452289
786003
647883
785811
280053
578775
522249
937689
788685
824283
730881
445263
827631
589425
86073
814287
525501
131181
325977
932037
365277
623589
763755
4785
130659
679137
910437
843321
426615
104859
448239
274215
911661
181131
543627
244839
445563
259665
70929
309063
794763
229479
849657
55443
201129
153963
939615
779739
74433
526611
242937
139635
313689
485493
586809
727749
639675
698031
570867
828777
710007
299403
30243
758847
405297
491661
495207
883431
797889
835491
912645
743133
882981
206427
650961
97023
772419
845877
90987
575625
231111
608253
852975
67011
471153
599457
300279
565767
861459
863973
357669
362151
17577
700767
279369
411081
626673
236817
563763
690903
747867
600189
800499
31965
58371
277461
905577
614085
358239
341517
572073
643311
627183
522231
452139
588849
907131
193179
289815
245649
163011
591819
191865
448803
91731
437271
792807
391449
304173
718551
790317
582879
566139
311145
182547
249267
568887
343347
860349
752217
544011
18225
859635
737547
315375
738465
59301
345087
645423
824217
875079
674805
489891
863157
478371
925659
565773
61035
930585
650811
862143
69393
253245
100749
242499
834147
262383
256155
653805
794277
591465
265455
367791
117285
768237
622485
813849
257739
79875
96639
36759
431805
575379
331179
763983
381441
737367
271245
664653
887781
741711
53217
778041
460035
920895
39315
96177
83871
114051
135747
322755
623247
198771
56997
742497
85539
843747
370677
22941
91293
169509
741501
162111
371169
785079
742107
150303
363063
561927
240777
572349
390219
804513
534927
357195
85563
528873
637125
233235
166713
376773
875961
409905
659115
652701
844371
844419
214671
747567
205881
356721
771249
77895
573483
187101
884619
126873
552831
256047
627327
557535
126279
888339
397377
474489
134301
770139
928413
759825
805449
764403
163653
588837
583431
59955
665805
207939
59379
524589
549105
785967
639057
386139
445749
465645
211353
735999
898131
873501
448311
291867
748731
812013
769887
866631
848943
40773
934767
874203
139281
387279
404481
612363
96441
469353
158157
524433
190101
16329
715557
858183
60807
553929
44103
307761
315177
208785
747927
294141
504345
76563
246921
795621
279453
752433
596967
491709
827733
454053
256203
24057
364899
49779
416295
782319
386205
301551
236103
549093
462267
505833
762129
408039
362013
144123
130965
273021
458553
397179
907083
822927
719193
787335
12171
177291
885219
915489
478113
702027
588279
927765
600957
347271
860109
51861
766353
802107
105435
589455
895323
185073
66663
706593
585057
618975
434451
742953
838851
132615
517167
493647
180213
799701
638217
821715
742809
803547
458475
217677
41127
861177
955215
113727
56313
574803
189963
142875
145755
851835
108279
324435
714369
566925
343467
248253
159909
633207
395325
933681
447573
592071
253647
359685
856407
266907
82257
841005
500325
374025
843759
694377
156165
677577
207219
845133
229341
13929
447915
194781
201435
710121
487731
333597
554901
282405
513891
652755
376473
481653
928401
436125
672225
178119
125943
485205
516201
417195
40695
755265
8247
177531
623301
693147
656505
493953
736371
347817
192075
339909
498603
112227
9321
280461
37287
240495
663591
146277
498675
129879
808665
911343
263547
862287
104697
889659
400239
695019
153183
106869
780645
456933
9
242775
581055
439713
268851
558861
290991
213207
709401
311211
38349
19725
906627
69615
468051
640845
503739
88371
255027
56499
780783
330387
569811
249123
533583
669207
560859
299697
262701
173739
335145
934419
147369
124881
705975
273165
493857
71319
244299
313173
38229
631821
536661
942693
90951
566799
793713
773949
739845
718389
269463
708903
349497
283197
708063
785073
580257
83691
69921
61935
188961
57597
568839
10821
327453
331629
393171
565971
590715
241959
701757
40947
817047
881403
942207
452937
944871
143787
690105
391845
401259
303573
892209
865035
136899
605187
903189
670143
790335
106155
765975
228297
720249
404715
188595
769761
354603
412365
620709
57675
748341
876777
289203
95607
104505
521829
193203
937215
512097
373305
667239
399129
583263
339525
725217
660429
493713
36015
570159
13683
547983
350511
692175
418203
287823
398793
180129
458349
667923
566823
478839
78123
950139
793809
476727
843363
597291
571143
575685
887337
312099
897573
255561
27039
935607
438627
804495
49377
157359
168411
953445
481677
613527
702573
882519
253539
333207
619665
763995
705141
870591
857529
702363
29139
808941
658251
440877
874983
9753
386373
21981
176691
96603
27933
32133
741075
218049
453087
179751
846813
320463
382083
734385
662811
275805
499581
512379
282063
911181
704967
26037
850329
861711
925755
268551
164553
809487
952491
728925
607233
282147
290259
675261
280929
152025
624861
434091
654693
691227
827301
348141
271509
87861
931887
168123
882837
171123
14547
759807
319899
564567
246501
51135
427983
440247
239391
713685
399231
447891
509655
897261
499827
412311
126333
420441
34611
225945
785133
274209
749811
114519
250485
707121
393747
707187
249549
477645
587289
203913
194991
92541
154719
162687
512385
443913
15519
35835
526029
902145
414189
747135
99969
372027
835053
644883
691827
653643
273423
717489
48813
339843
642801
341769
633855
554193
429585
351867
703863
76131
141009
810927
343257
357147
715311
958251
216537
82395
714459
107853
380373
796287
923871
448173
418413
178929
805665
817359
637137
556935
299937
783
913671
513537
726345
295461
507207
297093
265803
132351
131685
449541
753801
932355
282861
304929
903897
522963
952359
55047
104043
568941
837723
497583
503673
232569
484569
681033
92241
722685
681183
289395
463437
311541
279633
796563
670779
625503
431109
83985
302379
439101
118809
500355
221001
214545
235539
731577
936657
856431
914307
348705
89025
575745
581289
15945
942171
444111
545199
309483
576975
80949
199569
413019
941427
582465
945777
526287
163503
391683
842679
429597
675567
837087
662415
178719
914559
410487
962181
378147
410925
267669
429453
640263
200673
362925
688473
633249
566001
437691
575019
242919
616359
113853
568341
49107
572301
57693
271617
114339
206355
633309
259953
141537
619617
431469
172245
450003
706689
287835
722493
313353
82359
705633
670455
546069
683157
612975
246483
527859
228147
523095
663963
558237
779523
21477
53127
274839
423129
372861
237627
281211
60783
868803
739929
97467
239757
1521
613467
46347
216399
208941
144657
101505
427845
566793
631863
707337
446703
218397
217647
194151
528117
451779
500589
759507
887865
120789
23511
70659
724005
684045
509925
482319
610545
131865
493671
827613
103875
848511
897135
950073
938007
706269
505623
871023
1167
687057
927609
241953
539907
936609
523905
381411
890391
900459
161217
312369
482631
366279
708867
340671
845799
873759
671943
269361
844275
179367
111153
868665
866475
489939
233409
48993
383973
716613
475563
237231
184125
475761
766911
457773
526707
907989
243153
192591
787173
453591
303315
668577
887541
41355
275559
599649
668109
772803
619263
505059
91233
475557
75381
117513
182619
266919
405957
11955
124335
411735
947391
761607
761199
340413
622167
896265
576399
902007
540735
177333
93621
419499
605559
352875
950991
681933
312891
129471
387879
230823
537645
542421
430305
528387
36837
611307
479061
292929
527961
92775
693225
836007
397635
698121
111795
865683
295767
101091
807483
781935
612819
849753
720495
304647
32865
279021
646521
612273
555513
432447
572397
722745
375135
955515
508035
500091
797793
170439
809127
864231
581301
339645
113121
68121
582909
413115
644205
685983
824679
827967
30285
929523
871581
619107
146055
283869
552057
547425
694845
270903
99669
939993
391275
421893
711351
949665
517221
25749
779721
551157
326775
325785
564207
158241
865785
160395
271221
17253
621333
531417
940071
570777
325575
673101
713643
228555
943881
382209
284139
137115
658143
414399
638241
506841
46983
51567
533895
424941
175587
146697
280887
943623
158577
306645
41571
328515
110859
636207
489309
560091
752925
396831
180249
808527
75615
656019
855939
152169
660165
108231
954183
181473
146337
192627
795999
853263
137619
781707
236163
243045
166113
550431
950679
926199
698163
282471
369693
423213
714213
207921
536103
324753
631953
248265
483609
766431
19335
9117
551205
659301
858681
22521
309081
318039
429315
766809
593145
356577
735945
403755
273993
696855
603309
282387
28341
452919
459321
906225
772953
816417
245811
683865
465795
408507
476751
528489
863739
781437
651105
132327
446559
183093
543507
856935
75597
170469
656103
235017
122463
915057
372201
717333
652083
532479
719301
813813
248913
642477
262335
885903
120909
373689
440625
813201
98871
583971
192345
887241
609321
794055
376659
687633
106551
863061
775593
822141
686871
721629
101529
112971
833241
842157
782757
653967
352857
465441
482097
395739
554043
232431
611115
111231
85893
770157
451689
959661
722601
339831
319101
208545
47571
516483
325953
284637
98829
413295
688335
759795
958473
431343
622491
13425
324351
373017
596631
88575
946557
396759
162597
9183
407007
429759
234147
711063
879057
206667
389043
836955
950811
637803
239079
957951
784503
600891
491469
127377
676395
77811
232131
216807
629727
825177
789681
747711
241185
30861
108465
530415
854793
31587
446835
892275
720837
869631
942927
629457
277845
678963
65883
836121
585963
39201
870123
742791
317997
258639
300525
465699
705729
373233
649587
562059
914655
113265
103425
257049
712605
134451
5019
669165
390183
795687
135255
522891
934707
217977
435435
342681
215931
94203
722565
331005
881703
374241
896715
205587
124263
394083
148047
130725
534939
680895
218787
152883
674835
336867
233943
19533
538797
824853
710247
37485
770175
937239
197223
639753
877533
474549
790527
473985
10737
948375
361335
138279
302001
827565
733623
315615
476547
799233
523479
437349
10035
295131
265923
482529
501651
538737
168627
44127
955161
581625
419079
823347
501405
638805
324357
534867
663243
381717
484275
448575
677349
792837
238425
637233
259713
403455
841959
253077
380319
301911
324363
696717
729855
674859
21993
500391
229827
614217
69843
844707
285279
95847
804861
299487
371595
729141
660189
755631
258357
391767
221757
399891
930459
138783
425565
649329
338427
937161
17721
736071
915783
710571
116919
518127
408249
253119
550995
768195
451809
347565
130293
429027
696201
282591
719871
793179
803409
585021
610149
34779
908649
725721
783993
315477
603093
229431
517131
484821
742815
3123
525087
510819
541119
912993
507693
897381
850005
782277
215529
797541
108657
898245
99555
751665
87921
625839
834243
927435
359673
532707
133683
458247
803295
396693
306795
238725
69267
703491
626445
822435
919329
136521
31377
555729
485403
83607
690843
91641
896343
755901
805689
502485
903585
767229
375357
208047
85857
761331
52017
163083
609471
28935
117411
317991
96789
233913
172557
205737
321417
134835
740679
120963
868065
77859
564657
749703
88041
13743
241935
54357
736773
606753
805983
734943
318477
697077
818115
822483
289581
669417
451965
706569
899931
352527
224157
667533
631587
960429
269373
205701
312591
697437
906375
7833
557169
838443
674103
798921
767745
822621
163035
276945
458313
659097
167151
644535
927267
639243
592119
586173
892581
314721
417747
496785
147651
33639
949917
579003
898905
582123
380793
578499
775341
760359
775989
919227
271893
823521
383685
646005
165009
600525
241359
875415
115665
371067
920451
571977
940533
523665
643329
150459
722067
369291
164277
100305
775161
716229
702177
785433
668517
231315
337509
230961
411099
149949
436653
480915
266331
903315
219897
264639
488493
680793
354159
945027
502791
497469
315345
891489
688515
803925
70011
565137
225867
605631
370527
788061
350541
539151
751263
791259
11931
439209
145287
737097
686187
553935
205953
374373
608319
708777
799743
808893
325725
870255
454395
821187
934119
715335
643377
482985
292689
789879
315117
514833
81807
249543
315795
520677
873045
657273
40725
602241
341307
680967
236439
952227
343443
563127
855735
422913
319905
726417
313113
344277
927975
492063
754143
535065
230649
655365
535221
589653
462729
458721
117609
847671
370437
284859
313635
953391
949575
14019
951117
231687
749469
511809
302697
356685
762423
640497
739179
73971
573723
887457
662277
305265
344757
404139
47379
148653
118917
526833
457743
679731
574929
701991
579453
528093
766653
234141
549213
812445
875799
851325
785139
436059
816423
407661
750477
758937
908499
528567
80967
685119
612855
858579
157893
138951
145995
589917
848211
502827
506295
715017
725793
801645
152547
271701
455691
176649
888201
523923
866961
127953
817611
698919
467817
102339
792693
203121
819
922497
913209
560649
408591
818103
498783
156357
83133
414255
602937
832701
709767
561321
252585
580455
613371
343569
112881
330039
805251
234723
852279
537891
442353
274575
37647
328755
811215
413865
667701
352017
901017
779157
733641
801165
676383
716385
98907
592797
592017
721545
722451
142677
578349
578187
57333
183357
928989
901041
464283
37815
49185
751803
923649
233367
840591
879963
589167
824715
836793
429957
763827
22437
930003
347745
174423
502839
829995
848241
349803
839355
256179
338931
98451
801759
340875
575055
251745
53757
910431
681471
360003
773991
910521
222399
396909
359751
712209
37365
419997
567273
108027
262653
803487
764523
513831
958803
672627
437055
739851
880239
336075
39771
849489
335013
260541
606453
411675
291165
95487
716601
151863
104007
560115
438051
663279
390543
883947
282879
790479
141459
440115
527787
210495
686025
33081
331977
157731
580371
272019
373275
820263
66069
79827
726387
466137
11217
424539
878925
495063
848127
161475
536001
460125
461823
76221
644211
847833
891291
158835
530277
19065
424059
440487
939747
491343
577623
239817
657747
317313
90945
404949
727101
480807
239853
666573
716985
887523
518079
75723
682497
130407
617355
37281
78645
596979
815409
960957
78063
293913
127689
432129
654813
79131
234993
437337
648609
161907
641913
444819
398019
471507
525867
381291
540213
530493
72021
897543
408585
656253
432171
825489
545415
362439
88185
49047
878349
353847
227019
888063
650469
297159
121605
865083
469425
175809
361503
820983
242589
375075
299289
804189
455493
609243
614553
472977
725883
342573
189453
819735
257379
953889
911289
731445
262779
353241
238827
896169
873621
798489
661833
837927
226839
843933
576657
163365
518229
272877
423249
723039
607593
370407
437883
942849
449955
374163
717213
301905
162513
630105
436713
174867
932451
947913
408447
782799
824643
819141
592887
132945
758451
308211
906639
393315
601275
264855
541449
192003
322257
661533
443619
745335
620943
596181
459387
762027
543411
191883
934353
291567
354423
368235
546897
886155
182691
284571
243027
642837
350595
71253
388497
542715
662763
905553
928959
91791
131223
496653
436047
492723
274437
164193
721227
804867
461337
438207
60009
197907
807447
773109
213147
53175
607365
956025
793449
388467
695739
329703
402117
353547
794985
444285
427479
316683
417627
146607
739959
906717
572817
504957
226605
305427
865611
278115
264021
176601
555675
953301
446373
939387
403083
429999
934503
488721
95175
960867
537135
257007
541929
630441
839847
56043
27471
79245
423321
740691
444663
39015
664143
602367
853335
155271
618777
867045
469305
787905
953811
731787
827763
301029
589263
527493
940311
308859
103233
851493
505569
376647
363933
935601
276777
737883
718509
619641
116595
438693
660297
782109
495099
856953
561147
370305
573255
772719
277911
534765
798615
211587
312231
609177
758751
702519
388143
616305
581751
931107
297651
883743
553623
450219
759645
761319
690591
29859
23187
953499
13779
250761
454029
571077
719883
154605
936633
209031
647859
138411
13605
368481
446829
730425
654225
576489
442935
577641
725367
857583
234465
628647
560397
346809
907221
696381
326721
793683
926973
406785
214953
656325
449823
662559
214023
588699
709977
452427
659457
255411
792159
232581
808269
814257
678525
760395
784815
356625
106197
936651
694581
847695
55563
551307
523929
66537
194565
148479
236637
519633
617091
614073
34539
208293
948063
605601
523551
455001
809379
926013
492183
142047
905031
319845
70191
609267
299679
739425
936177
417993
396717
954195
505173
279561
778911
833709
956895
204849
424467
861273
657993
217245
897489
876483
56745
680715
174657
79071
541041
733491
604011
935631
123753
108669
259671
232779
375675
125631
729471
901473
570195
22509
947655
184815
805305
729099
489513
289347
130911
740919
821319
645723
256251
356583
897795
470367
567135
234573
655125
797139
811995
284337
666795
931791
465345
779319
292221
675141
893025
744333
535665
56991
580647
18927
550605
832959
933399
538815
348129
910083
916911
345603
130413
779205
103893
371787
134697
867225
513435
861717
125331
335163
457695
347205
42033
281403
428613
113565
497733
700827
935595
114927
671271
425367
119649
64779
886215
838917
950691
287625
831387
868755
407403
526845
781443
812955
198939
739701
683085
595323
409413
859251
1887
863577
260583
777129
877959
418611
708609
117039
868305
778215
342315
928095
842241
161835
624261
607749
729411
245247
866349
940185
759105
628929
469155
590751
250785
139155
837525
930177
230025
181623
343491
895653
426357
843501
470745
178671
582033
839865
541593
227307
958671
961023
896139
64371
465429
158397
262515
930033
194721
507483
44001
443133
145047
36741
908529
375543
414027
226281
225993
155385
807105
208125
265359
665013
13767
889335
320805
947067
682173
50973
869403
566271
22749
685737
924747
21423
521025
637605
671673
684303
733557
459813
706089
461493
797211
829647
121407
335403
195777
124863
220425
73329
576705
495891
88851
693465
574089
175293
876513
865995
51501
678093
654483
800121
420429
673185
92721
198849
236499
646179
47289
607725
82011
941073
656055
864765
551841
494469
221361
302805
383163
36891
143409
116295
44385
216519
559119
514623
190701
804945
640839
341889
21759
924159
518781
728967
777909
748431
417705
326109
643641
868467
336795
216291
182463
870189
598593
88455
596379
26793
73401
594357
332961
719733
919725
233607
578673
657621
767559
616641
22611
812283
354945
15075
568497
408111
379665
943467
761847
499281
118071
800559
688191
724491
322059
131853
169971
694389
479865
810801
793503
882843
