0.1
0.1009
0.1018
0.1027
0.1036
0.1045
0.1054
0.1063
0.1072
0.1081
0.109
0.1099
0.1108
0.1117
0.1126
0.1135
0.1144
0.1153
0.1162
0.1171
0.118
0.1189
0.1198
0.1207
0.1216
0.1225
0.1234
0.1243
0.1252
0.1261
0.127
0.1279
0.1288
0.1297
0.1306
0.1315
0.1324
0.1333
0.1342
0.1351
0.136
0.1369
0.1378
0.1387
0.1396
0.1405
0.1414
0.1423
0.1432
0.1441
0.145
0.1459
0.1468
0.1477
0.1486
0.1495
0.1504
0.1513
0.1522
0.1531
0.154
0.1549
0.1558
0.1567
0.1576
0.1585
0.1594
0.1603
0.1612
0.1621
0.163
0.1639
0.1648
0.1657
0.1666
0.1675
0.1684
0.1693
0.1702
0.1711
0.172
0.1729
0.1738
0.1747
0.1756
0.1765
0.1774
0.1783
0.1792
0.1801
0.181
0.1819
0.1828
0.1837
0.1846
0.1855
0.1864
0.1873
0.1882
0.1891
0.19
0.1909
0.1918
0.1927
0.1936
0.1945
0.1954
0.1963
0.1972
0.1981
0.199
0.1999
0.2008
0.2017
0.2026
0.2035
0.2044
0.2053
0.2062
0.2071
0.208
0.2089
0.2098
0.2107
0.2116
0.2125
0.2134
0.2143
0.2152
0.2161
0.217
0.2179
0.2188
0.2197
0.2206
0.2215
0.2224
0.2233
0.2242
0.2251
0.226
0.2269
0.2278
0.2287
0.2296
0.2305
0.2314
0.2323
0.2332
0.2341
0.235
0.2359
0.2368
0.2377
0.2386
0.2395
0.2404
0.2413
0.2422
0.2431
0.244
0.2449
0.2458
0.2467
0.2476
0.2485
0.2494
0.2503
0.2512
0.2521
0.253
0.2539
0.2548
0.2557
0.2566
0.2575
0.2584
0.2593
0.2602
0.2611
0.262
0.2629
0.2638
0.2647
0.2656
0.2665
0.2674
0.2683
0.2692
0.2701
0.271
0.2719
0.2728
0.2737
0.2746
0.2755
0.2764
0.2773
0.2782
0.2791
0.28
0.2809
0.2818
0.2827
0.2836
0.2845
0.2854
0.2863
0.2872
0.2881
0.289
0.2899
0.2908
0.2917
0.2926
0.2935
0.2944
0.2953
0.2962
0.2971
0.298
0.2989
0.2998
0.3007
0.3016
0.3025
0.3034
0.3043
0.3052
0.3061
0.307
0.3079
0.3088
0.3097
0.3106
0.3115
0.3124
0.3133
0.3142
0.3151
0.316
0.3169
0.3178
0.3187
0.3196
0.3205
0.3214
0.3223
0.3232
0.3241
0.325
0.3259
0.3268
0.3277
0.3286
0.3295
0.3304
0.3313
0.3322
0.3331
0.334
0.3349
0.3358
0.3367
0.3376
0.3385
0.3394
0.3403
0.3412
0.3421
0.343
0.3439
0.3448
0.3457
0.3466
0.3475
0.3484
0.3493
0.3502
0.3511
0.352
0.3529
0.3538
0.3547
0.3556
0.3565
0.3574
0.3583
0.3592
0.3601
0.361
0.3619
0.3628
0.3637
0.3646
0.3655
0.3664
0.3673
0.3682
0.3691
0.37
0.3709
0.3718
0.3727
0.3736
0.3745
0.3754
0.3763
0.3772
0.3781
0.379
0.3799
0.3808
0.3817
0.3826
0.3835
0.3844
0.3853
0.3862
0.3871
0.388
0.3889
0.3898
0.3907
0.3916
0.3925
0.3934
0.3943
0.3952
0.3961
0.397
0.3979
0.3988
0.3997
0.4006
0.4015
0.4024
0.4033
0.4042
0.4051
0.406
0.4069
0.4078
0.4087
0.4096
0.4105
0.4114
0.4123
0.4132
0.4141
0.415
0.4159
0.4168
0.4177
0.4186
0.4195
0.4204
0.4213
0.4222
0.4231
0.424
0.4249
0.4258
0.4267
0.4276
0.4285
0.4294
0.4303
0.4312
0.4321
0.433
0.4339
0.4348
0.4357
0.4366
0.4375
0.4384
0.4393
0.4402
0.4411
0.442
0.4429
0.4438
0.4447
0.4456
0.4465
0.4474
0.4483
0.4492
0.4501
0.451
0.4519
0.4528
0.4537
0.4546
0.4555
0.4564
0.4573
0.4582
0.4591
0.46
0.4609
0.4618
0.4627
0.4636
0.4645
0.4654
0.4663
0.4672
0.4681
0.469
0.4699
0.4708
0.4717
0.4726
0.4735
0.4744
0.4753
0.4762
0.4771
0.478
0.4789
0.4798
0.4807
0.4816
0.4825
0.4834
0.4843
0.4852
0.4861
0.487
0.4879
0.4888
0.4897
0.4906
0.4915
0.4924
0.4933
0.4942
0.4951
0.496
0.4969
0.4978
0.4987
0.4996
0.5005
0.5014
0.5023
0.5032
0.5041
0.505
0.5059
0.5068
0.5077
0.5086
0.5095
0.5104
0.5113
0.5122
0.5131
0.514
0.5149
0.5158
0.5167
0.5176
0.5185
0.5194
0.5203
0.5212
0.5221
0.523
0.5239
0.5248
0.5257
0.5266
0.5275
0.5284
0.5293
0.5302
0.5311
0.532
0.5329
0.5338
0.5347
0.5356
0.5365
0.5374
0.5383
0.5392
0.5401
0.541
0.5419
0.5428
0.5437
0.5446
0.5455
0.5464
0.5473
0.5482
0.5491
0.55
0.5509
0.5518
0.5527
0.5536
0.5545
0.5554
0.5563
0.5572
0.5581
0.559
0.5599
0.5608
0.5617
0.5626
0.5635
0.5644
0.5653
0.5662
0.5671
0.568
0.5689
0.5698
0.5707
0.5716
0.5725
0.5734
0.5743
0.5752
0.5761
0.577
0.5779
0.5788
0.5797
0.5806
0.5815
0.5824
0.5833
0.5842
0.5851
0.586
0.5869
0.5878
0.5887
0.5896
0.5905
0.5914
0.5923
0.5932
0.5941
0.595
0.5959
0.5968
0.5977
0.5986
0.5995
0.6004
0.6013
0.6022
0.6031
0.604
0.6049
0.6058
0.6067
0.6076
0.6085
0.6094
0.6103
0.6112
0.6121
0.613
0.6139
0.6148
0.6157
0.6166
0.6175
0.6184
0.6193
0.6202
0.6211
0.622
0.6229
0.6238
0.6247
0.6256
0.6265
0.6274
0.6283
0.6292
0.6301
0.631
0.6319
0.6328
0.6337
0.6346
0.6355
0.6364
0.6373
0.6382
0.6391
0.64
0.6409
0.6418
0.6427
0.6436
0.6445
0.6454
0.6463
0.6472
0.6481
0.649
0.6499
0.6508
0.6517
0.6526
0.6535
0.6544
0.6553
0.6562
0.6571
0.658
0.6589
0.6598
0.6607
0.6616
0.6625
0.6634
0.6643
0.6652
0.6661
0.667
0.6679
0.6688
0.6697
0.6706
0.6715
0.6724
0.6733
0.6742
0.6751
0.676
0.6769
0.6778
0.6787
0.6796
0.6805
0.6814
0.6823
0.6832
0.6841
0.685
0.6859
0.6868
0.6877
0.6886
0.6895
0.6904
0.6913
0.6922
0.6931
0.694
0.6949
0.6958
0.6967
0.6976
0.6985
0.6994
0.7003
0.7012
0.7021
0.703
0.7039
0.7048
0.7057
0.7066
0.7075
0.7084
0.7093
0.7102
0.7111
0.712
0.7129
0.7138
0.7147
0.7156
0.7165
0.7174
0.7183
0.7192
0.7201
0.721
0.7219
0.7228
0.7237
0.7246
0.7255
0.7264
0.7273
0.7282
0.7291
0.73
0.7309
0.7318
0.7327
0.7336
0.7345
0.7354
0.7363
0.7372
0.7381
0.739
0.7399
0.7408
0.7417
0.7426
0.7435
0.7444
0.7453
0.7462
0.7471
0.748
0.7489
0.7498
0.7507
0.7516
0.7525
0.7534
0.7543
0.7552
0.7561
0.757
0.7579
0.7588
0.7597
0.7606
0.7615
0.7624
0.7633
0.7642
0.7651
0.766
0.7669
0.7678
0.7687
0.7696
0.7705
0.7714
0.7723
0.7732
0.7741
0.775
0.7759
0.7768
0.7777
0.7786
0.7795
0.7804
0.7813
0.7822
0.7831
0.784
0.7849
0.7858
0.7867
0.7876
0.7885
0.7894
0.7903
0.7912
0.7921
0.793
0.7939
0.7948
0.7957
0.7966
0.7975
0.7984
0.7993
0.8002
0.8011
0.802
0.8029
0.8038
0.8047
0.8056
0.8065
0.8074
0.8083
0.8092
0.8101
0.811
0.8119
0.8128
0.8137
0.8146
0.8155
0.8164
0.8173
0.8182
0.8191
0.82
0.8209
0.8218
0.8227
0.8236
0.8245
0.8254
0.8263
0.8272
0.8281
0.829
0.8299
0.8308
0.8317
0.8326
0.8335
0.8344
0.8353
0.8362
0.8371
0.838
0.8389
0.8398
0.8407
0.8416
0.8425
0.8434
0.8443
0.8452
0.8461
0.847
0.8479
0.8488
0.8497
0.8506
0.8515
0.8524
0.8533
0.8542
0.8551
0.856
0.8569
0.8578
0.8587
0.8596
0.8605
0.8614
0.8623
0.8632
0.8641
0.865
0.8659
0.8668
0.8677
0.8686
0.8695
0.8704
0.8713
0.8722
0.8731
0.874
0.8749
0.8758
0.8767
0.8776
0.8785
0.8794
0.8803
0.8812
0.8821
0.883
0.8839
0.8848
0.8857
0.8866
0.8875
0.8884
0.8893
0.8902
0.8911
0.892
0.8929
0.8938
0.8947
0.8956
0.8965
0.8974
0.8983
0.8992
0.9001
0.901
0.9019
0.9028
0.9037
0.9046
0.9055
0.9064
0.9073
0.9082
0.9091
0.91
0.9109
0.9118
0.9127
0.9136
0.9145
0.9154
0.9163
0.9172
0.9181
0.919
0.9199
0.9208
0.9217
0.9226
0.9235
0.9244
0.9253
0.9262
0.9271
0.928
0.9289
0.9298
0.9307
0.9316
0.9325
0.9334
0.9343
0.9352
0.9361
0.937
0.9379
0.9388
0.9397
0.9406
0.9415
0.9424
0.9433
0.9442
0.9451
0.946
0.9469
0.9478
0.9487
0.9496
0.9505
0.9514
0.9523
0.9532
0.9541
0.955
0.9559
0.9568
0.9577
0.9586
0.9595
0.9604
0.9613
0.9622
0.9631
0.964
0.9649
0.9658
0.9667
0.9676
0.9685
0.9694
0.9703
0.9712
0.9721
0.973
0.9739
0.9748
0.9757
0.9766
0.9775
0.9784
0.9793
0.9802
0.9811
0.982
0.9829
0.9838
0.9847
0.9856
0.9865
0.9874
0.9883
0.9892
0.9955
1
